#
#
#
399,512451	55,924348
400,949546	54,58539
402,386641	54,440074
403,823737	54,381352
405,260832	54,04293
406,697927	53,516321
408,135022	53,069849
409,572117	52,915943
411,009212	52,769018
412,446307	52,652539
413,883403	52,464074
415,320498	52,03225
416,757593	52,261707
418,194688	53,574061
419,631783	53,556974
421,068878	52,606069
422,505973	52,332523
423,943069	52,251741
425,380164	52,114985
426,817259	51,918496
428,254354	51,824499
429,691449	51,933448
431,128544	52,274425
432,56564	52,776265
434,002735	53,182339
435,43983	53,575926
436,876925	53,814142
438,31402	53,783734
439,751115	54,142462
441,18821	54,760965
442,625306	54,790225
444,062401	54,496537
445,499496	54,439919
446,936591	54,433202
448,373686	54,210763
449,810781	54,066423
451,247876	54,313827
452,684972	54,18762
454,122067	53,604059
455,559162	53,723084
456,996257	53,982675
458,433352	53,377329
459,870447	52,893047
461,307542	52,880872
462,744638	53,023892
464,181733	53,083251
465,618828	53,161519
467,055923	53,658371
468,493018	54,138105
469,930113	54,566768
471,367208	55,757439
472,804304	56,842368
474,241399	57,053753
475,678494	57,404659
477,115589	57,908326
478,552684	58,539794
479,989779	59,450096
481,426875	60,300154
482,86397	61,006365
484,301065	61,471617
485,73816	61,56084
487,175255	61,539281
488,61235	61,489576
490,049445	61,612215
491,486541	62,042302
492,923636	62,201071
494,360731	61,909463
495,797826	61,7043
497,234921	61,636904
498,672016	61,414473
500,109111	61,299903
501,546207	61,590533
502,983302	61,545724
504,420397	61,021586
505,857492	60,897206
507,294587	60,924537
508,731682	60,531258
510,168777	60,067231
511,605873	59,643098
513,042968	59,246186
514,480063	59,152487
515,917158	59,309879
517,354253	59,366284
518,791348	59,062802
520,228444	58,480464
521,665539	57,965241
523,102634	57,782658
524,539729	57,92735
525,976824	58,015762
527,413919	57,74244
528,851014	57,509793
530,28811	57,520735
531,725205	57,620306
533,1623	57,788786
534,599395	58,021428
536,03649	58,255803
537,473585	58,472879
538,91068	58,720605
540,347776	59,111472
541,784871	59,546275
543,221966	59,980724
544,659061	60,64352
546,096156	61,335594
547,533251	61,735327
548,970346	62,107082
550,407442	62,558056
551,844537	62,951194
553,281632	63,332496
554,718727	63,66874
556,155822	63,931469
557,592917	64,183323
559,030013	64,406522
560,467108	64,671547
561,904203	65,080802
563,341298	65,518868
564,778393	65,866916
566,215488	66,242986
567,652583	66,649303
569,089679	66,886014
570,526774	67,016402
571,963869	67,141092
573,400964	67,297474
574,838059	67,687647
576,275154	68,088121
577,712249	68,173842
579,149345	68,372949
580,58644	68,741606
582,023535	68,881982
583,46063	68,992357
584,897725	69,191615
586,33482	69,271033
587,771915	69,347196
589,209011	69,633003
590,646106	70,114166
592,083201	70,438924
593,520296	70,410519
594,957391	70,399492
596,394486	70,479965
597,831582	70,579909
599,268677	70,842982
600,705772	71,01535
602,142867	70,969611
603,579962	71,070956
605,017057	71,266991
606,454152	71,389409
607,891248	71,55018
609,328343	71,726178
610,765438	71,876378
612,202533	72,026626
613,639628	72,234192
615,076723	72,513991
616,513818	72,586277
617,950914	72,483952
619,388009	72,614326
620,825104	72,797725
622,262199	72,792909
623,699294	72,867914
625,136389	73,020521
626,573484	72,981061
628,01058	72,832667
629,447675	72,778144
630,88477	72,800274
632,321865	72,808883
633,75896	72,807253
635,196055	72,741814
636,63315	72,55666
638,070246	72,404922
639,507341	72,328533
640,944436	72,206796
642,381531	72,092226
643,818626	72,061925
645,255721	72,033891
646,692817	71,933511
648,129912	71,823984
649,567007	71,824971
651,004102	71,921165
652,441197	71,998595
653,878292	72,021869
655,315387	72,057155
656,752483	72,164683
658,189578	72,301966
659,626673	72,399674
661,063768	72,403826
662,500863	72,338521
663,937958	72,353551
665,375053	72,121067
666,812149	70,858385
668,249244	69,37579
669,686339	70,121984
671,123434	71,35228
672,560529	71,698125
673,997624	71,649905
675,434719	71,583421
676,871815	71,446447
678,30891	71,352859
679,746005	71,293892
681,1831	71,224436
682,620195	71,215199
684,05729	71,240175
685,494386	71,315461
686,931481	71,490528
688,368576	71,688864
689,805671	71,813035
691,242766	71,913707
692,679861	72,121666
694,116956	72,43483
695,554052	72,820888
696,991147	73,314892
698,428242	73,809406
699,865337	74,206285
701,302432	74,603889
702,739527	75,04738
704,176622	75,456759
705,613718	75,747592
707,050813	75,917142
708,487908	76,049045
709,925003	76,168832
711,362098	76,278906
712,799193	76,407529
714,236288	76,500999
715,673384	76,558809
717,110479	76,605328
718,547574	76,541055
719,984669	76,436702
721,421764	76,472911
722,858859	76,554107
724,295955	76,548574
725,73305	76,478613
727,170145	76,356976
728,60724	76,204253
730,044335	76,042537
731,48143	75,84934
732,918525	75,629863
734,355621	75,411456
735,792716	75,191477
737,229811	74,967037
738,666906	74,773947
740,104001	74,628022
741,541096	74,50595
742,978191	74,410493
744,415287	74,319002
745,852382	74,194299
747,289477	74,076156
748,726572	73,974598
750,163667	73,857972
751,600762	73,753499
753,037857	73,667546
754,474953	73,574338
755,912048	73,49101
757,349143	73,446554
758,786238	73,439649
760,223333	73,431001
761,660428	73,412398
763,097524	73,43617
764,534619	73,518918
765,971714	73,646852
767,408809	73,824121
768,845904	74,052575
770,282999	74,342629
771,720094	74,685439
773,15719	75,021638
774,594285	75,296653
776,03138	75,499751
777,468475	75,666699
778,90557	75,834333
780,342665	75,994496
781,77976	76,147737
783,216856	76,293063
784,653951	76,398075
786,091046	76,474568
787,528141	76,55157
788,965236	76,616634
790,402331	76,674809
791,839426	76,758414
793,276522	76,875514
794,713617	77,004382
796,150712	77,153813
797,587807	77,363431
799,024902	77,609406
800,461997	77,857116
801,899092	78,133217
803,336188	78,417238
804,773283	78,667929
806,210378	78,923371
807,647473	79,184816
809,084568	79,380587
810,521663	79,489127
811,958759	79,539263
813,395854	79,555373
814,832949	79,554122
816,270044	79,537028
817,707139	79,482964
819,144234	79,379894
820,581329	79,235017
822,018425	79,0473
823,45552	78,83268
824,892615	78,59677
826,32971	78,301927
827,766805	77,983129
829,2039	77,729392
830,640995	77,579388
832,078091	77,571141
833,515186	77,72462
834,952281	78,013957
836,389376	78,404042
837,826471	78,839724
839,263566	79,280102
840,700661	79,702137
842,137757	80,054965
843,574852	80,314278
845,011947	80,505378
846,449042	80,643
847,886137	80,729049
849,323232	80,77513
850,760328	80,792036
852,197423	80,751348
853,634518	80,618139
855,071613	80,416134
856,508708	80,167776
857,945803	79,89329
859,382898	79,633186
860,819994	79,363795
862,257089	79,081045
863,694184	78,844584
865,131279	78,649089
866,568374	78,46608
868,005469	78,28815
869,442564	78,109969
870,87966	77,952894
872,316755	77,815968
873,75385	77,710642
875,190945	77,669535
876,62804	77,644246
878,065135	77,601788
879,50223	77,577229
880,939326	77,563117
882,376421	77,536377
883,813516	77,480012
885,250611	77,364183
886,687706	77,20185
888,124801	77,029302
889,561897	76,837556
890,998992	76,580493
892,436087	76,247947
893,873182	75,885215
895,310277	75,530869
896,747372	75,199336
898,184467	74,859703
899,621563	74,460037
901,058658	74,026961
902,495753	73,606742
903,932848	73,193853
905,369943	72,778749
906,807038	72,366671
908,244133	71,995558
909,681229	71,693778
911,118324	71,466072
912,555419	71,356738
913,992514	71,381702
915,429609	71,513124
916,866704	71,718151
918,303799	71,936971
919,740895	72,152469
921,17799	72,359327
922,615085	72,517708
924,05218	72,657563
925,489275	72,809856
926,92637	72,928021
928,363466	72,97864
929,800561	72,957176
931,237656	72,883886
932,674751	72,780034
934,111846	72,655003
935,548941	72,549748
936,986036	72,455931
938,423132	72,347488
939,860227	72,271246
941,297322	72,222031
942,734417	72,169314
944,171512	72,120119
945,608607	72,044608
947,045702	71,951875
948,482798	71,86643
949,919893	71,756469
951,356988	71,625686
952,794083	71,47779
954,231178	71,300186
955,668273	71,1015
957,105368	70,862245
958,542464	70,586913
959,979559	70,295313
961,416654	69,983542
962,853749	69,669727
964,290844	69,342252
965,727939	68,998003
967,165034	68,645015
968,60213	68,231275
970,039225	67,779783
971,47632	67,327247
972,913415	66,830359
974,35051	66,313528
975,787605	65,788514
977,224701	65,247505
978,661796	64,736495
980,098891	64,228663
981,535986	63,724947
982,973081	63,258165
984,410176	62,782456
985,847271	62,308773
987,284367	61,831793
988,721462	61,309104
990,158557	60,783601
991,595652	60,269034
993,032747	59,777626
994,469842	59,319679
995,906937	58,855004
997,344033	58,432497
998,781128	58,076007
1000,218223	57,764891
1001,655318	57,542385
1003,092413	57,378316
1004,529508	57,267082
1005,966603	57,251043
1007,403699	57,295406
1008,840794	57,420288
1010,277889	57,617841
1011,714984	57,827536
1013,152079	58,060255
1014,589174	58,267518
1016,02627	58,410697
1017,463365	58,484953
1018,90046	58,420194
1020,337555	58,258666
1021,77465	58,055079
1023,211745	57,771687
1024,64884	57,462862
1026,085936	57,175088
1027,523031	56,938746
1028,960126	56,810638
1030,397221	56,765474
1031,834316	56,836516
1033,271411	57,056749
1034,708506	57,371446
1036,145602	57,793337
1037,582697	58,304073
1039,019792	58,865119
1040,456887	59,477378
1041,893982	60,078806
1043,331077	60,670762
1044,768172	61,282202
1046,205268	61,85747
1047,642363	62,391441
1049,079458	62,893325
1050,516553	63,3579
1051,953648	63,79704
1053,390743	64,185416
1054,827839	64,547311
1056,264934	64,905719
1057,702029	65,222476
1059,139124	65,528897
1060,576219	65,833611
1062,013314	66,106178
1063,450409	66,377885
1064,887505	66,644685
1066,3246	66,893731
1067,761695	67,122716
1069,19879	67,315943
1070,635885	67,518022
1072,07298	67,724394
1073,510075	67,904986
1074,947171	68,109672
1076,384266	68,331857
1077,821361	68,565396
1079,258456	68,832518
1080,695551	69,0858
1082,132646	69,33561
1083,569741	69,597324
1085,006837	69,827922
1086,443932	70,057124
1087,881027	70,296223
1089,318122	70,520544
1090,755217	70,75504
1092,192312	71,008925
1093,629408	71,290837
1095,066503	71,596924
1096,503598	71,901451
1097,940693	72,223485
1099,377788	72,5665
1100,814883	72,913585
1102,251978	73,256403
1103,689074	73,578367
1105,126169	73,895943
1106,563264	74,186414
1108,000359	74,394292
1109,437454	74,55052
1110,874549	74,673353
1112,311644	74,757735
1113,74874	74,858352
1115,185835	74,994257
1116,62293	75,170884
1118,060025	75,421173
1119,49712	75,738943
1120,934215	76,095749
1122,37131	76,452657
1123,808406	76,792998
1125,245501	77,122727
1126,682596	77,409512
1128,119691	77,643252
1129,556786	77,840869
1130,993881	77,994269
1132,430976	78,122439
1133,868072	78,231317
1135,305167	78,296574
1136,742262	78,325834
1138,179357	78,315473
1139,616452	78,273954
1141,053547	78,223176
1142,490643	78,140729
1143,927738	78,036537
1145,364833	77,917308
1146,801928	77,762086
1148,239023	77,608564
1149,676118	77,452055
1151,113213	77,260897
1152,550309	77,062925
1153,987404	76,858263
1155,424499	76,666039
1156,861594	76,511285
1158,298689	76,360701
1159,735784	76,229289
1161,172879	76,125673
1162,609975	76,01984
1164,04707	75,910331
1165,484165	75,759787
1166,92126	75,574374
1168,358355	75,43834
1169,79545	75,380687
1171,232545	75,421199
1172,669641	75,575957
1174,106736	75,781065
1175,543831	75,942487
1176,980926	76,027341
1178,418021	76,068409
1179,855116	76,067142
1181,292212	76,004961
1182,729307	75,909406
1184,166402	75,788601
1185,603497	75,648565
1187,040592	75,494293
1188,477687	75,282536
1189,914782	75,047217
1191,351878	74,839123
1192,788973	74,620651
1194,226068	74,399579
1195,663163	74,182969
1197,100258	73,951277
1198,537353	73,740254
1199,974448	73,560096
1201,411544	73,440173
1202,848639	73,421347
1204,285734	73,479976
1205,722829	73,644252
1207,159924	73,915591
1208,597019	74,217186
1210,034114	74,528365
1211,47121	74,792655
1212,908305	74,896357
1214,3454	74,815056
1215,782495	74,648346
1217,21959	74,650488
1218,656685	75,036443
1220,093781	75,636911
1221,530876	76,058795
1222,967971	76,1802
1224,405066	76,185719
1225,842161	76,172095
1227,279256	76,133717
1228,716351	76,182794
1230,153447	76,374197
1231,590542	76,643394
1233,027637	76,991476
1234,464732	77,416073
1235,901827	77,882448
1237,338922	78,379096
1238,776017	78,863466
1240,213113	79,304478
1241,650208	79,72177
1243,087303	80,119845
1244,524398	80,456333
1245,961493	80,70991
1247,398588	80,944543
1248,835683	81,197092
1250,272779	81,429608
1251,709874	81,649137
1253,146969	81,874573
1254,584064	82,093169
1256,021159	82,309485
1257,458254	82,53896
1258,89535	82,818888
1260,332445	83,087579
1261,76954	83,209953
1263,206635	83,299493
1264,64373	83,509695
1266,080825	83,756703
1267,51792	83,986221
1268,955016	84,229026
1270,392111	84,447512
1271,829206	84,557134
1273,266301	84,512012
1274,703396	84,451011
1276,140491	84,49644
1277,577586	84,566374
1279,014682	84,628152
1280,451777	84,665718
1281,888872	84,628669
1283,325967	84,60364
1284,763062	84,625413
1286,200157	84,694563
1287,637252	84,795634
1289,074348	84,719846
1290,511443	84,495995
1291,948538	84,334778
1293,385633	84,20296
1294,822728	84,122768
1296,259823	84,067306
1297,696919	83,870399
1299,134014	83,617501
1300,571109	83,376102
1302,008204	83,121396
1303,445299	82,913129
1304,882394	82,70791
1306,319489	82,553647
1307,756585	82,479787
1309,19368	82,332501
1310,630775	82,295823
1312,06787	82,546783
1313,504965	82,713236
1314,94206	82,605207
1316,379155	82,590751
1317,816251	82,798946
1319,253346	82,844239
1320,690441	82,487742
1322,127536	82,105018
1323,564631	81,926136
1325,001726	81,812482
1326,438821	81,733477
1327,875917	81,711949
1329,313012	81,712676
1330,750107	81,70677
1332,187202	81,6521
1333,624297	81,676463
1335,061392	81,935389
1336,498487	82,439025
1337,935583	83,221773
1339,372678	83,756311
1340,809773	83,012016
1342,246868	81,868026
1343,683963	81,331863
1345,121058	81,180007
1346,558154	81,072612
1347,995249	81,088389
1349,432344	81,17413
1350,869439	81,099054
1352,306534	81,107414
1353,743629	81,416247
1355,180724	81,683711
1356,61782	81,771617
1358,054915	81,926659
1359,49201	82,242582
1360,929105	82,890446
1362,3662	83,569644
1363,803295	83,059414
1365,24039	82,124626
1366,677486	82,127063
1368,114581	82,732255
1369,551676	82,933957
1370,988771	82,91163
1372,425866	83,537809
1373,862961	84,56951
1375,300056	84,62403
1376,737152	84,106583
1378,174247	84,10386
1379,611342	84,311506
1381,048437	84,408284
1382,485532	84,654957
1383,922627	85,171197
1385,359723	86,1569
1386,796818	87,488246
1388,233913	87,81948
1389,671008	87,432864
1391,108103	87,527423
1392,545198	88,178027
1393,982293	89,437747
1395,419389	90,524074
1396,856484	90,503077
1398,293579	90,569284
1399,730674	90,386633
1401,167769	89,527752
1402,604864	89,377413
1404,041959	90,025184
1405,479055	90,25455
1406,91615	89,852302
1408,353245	89,703228
1409,79034	90,009612
1411,227435	90,334317
1412,66453	90,205791
1414,101625	90,144871
1415,538721	90,79357
1416,975816	91,942301
1418,412911	92,852798
1419,850006	92,204101
1421,287101	91,003384
1422,724196	90,834802
1424,161292	90,858484
1425,598387	90,015534
1427,035482	89,523401
1428,472577	89,856178
1429,909672	90,038693
1431,346767	89,578473
1432,783862	89,087009
1434,220958	89,051856
1435,658053	89,485949
1437,095148	89,141818
1438,532243	87,64142
1439,969338	86,588973
1441,406433	86,115353
1442,843528	85,903236
1444,280624	85,855827
1445,717719	86,265015
1447,154814	87,005904
1448,591909	87,168259
1450,029004	86,880979
1451,466099	87,138033
1452,903194	88,010083
1454,34029	89,278226
1455,777385	91,412149
1457,21448	93,731796
1458,651575	92,716368
1460,08867	90,644906
1461,525765	89,504372
1462,962861	89,751912
1464,399956	90,901683
1465,837051	91,045173
1467,274146	90,475782
1468,711241	90,594928
1470,148336	91,633311
1471,585431	93,862503
1473,022527	95,696095
1474,459622	94,905763
1475,896717	94,019767
1477,333812	93,026461
1478,770907	92,306048
1480,208002	92,53413
1481,645097	92,826197
1483,082193	92,471265
1484,519288	92,581686
1485,956383	93,75984
1487,393478	95,369452
1488,830573	96,668445
1490,267668	96,620068
1491,704763	94,429082
1493,141859	92,961794
1494,578954	93,268463
1496,016049	94,742041
1497,453144	95,401614
1498,890239	94,772587
1500,327334	93,893181
1501,764429	93,234128
1503,201525	93,318605
1504,63862	94,370383
1506,075715	96,801739
1507,51281	98,611747
1508,949905	96,146601
1510,387	93,872524
1511,824096	92,161819
1513,261191	91,282248
1514,698286	91,954235
1516,135381	94,04803
1517,572476	95,323
1519,009571	95,319578
1520,446666	97,07914
1521,883762	99,529542
1523,320857	98,484467
1524,757952	97,711623
1526,195047	97,527435
1527,632142	96,557655
1529,069237	95,270118
1530,506332	94,710447
1531,943428	95,663279
1533,380523	97,301997
1534,817618	96,469885
1536,254713	95,619315
1537,691808	96,557968
1539,128903	99,355848
1540,565998	102,231126
1542,003094	101,309398
1543,440189	99,98442
1544,877284	98,247894
1546,314379	95,357946
1547,751474	94,259312
1549,188569	94,93692
1550,625665	95,288879
1552,06276	94,92558
1553,499855	95,622459
1554,93695	97,047401
1556,374045	97,673868
1557,81114	98,24923
1559,248235	98,506975
1560,685331	95,695281
1562,122426	93,801976
1563,559521	93,234947
1564,996616	93,053711
1566,433711	92,456525
1567,870806	92,507663
1569,307901	93,246534
1570,744997	92,252313
1572,182092	90,840807
1573,619187	90,761749
1575,056282	91,68546
1576,493377	92,072889
1577,930472	90,303883
1579,367567	88,569606
1580,804663	87,658156
1582,241758	87,142597
1583,678853	86,667703
1585,115948	86,237481
1586,553043	85,956247
1587,990138	85,817854
1589,427234	85,787666
1590,864329	85,687827
1592,301424	85,475753
1593,738519	85,389275
1595,175614	85,194453
1596,612709	84,545914
1598,049804	83,851224
1599,4869	83,480954
1600,923995	83,466628
1602,36109	83,6175
1603,798185	83,531747
1605,23528	83,477314
1606,672375	83,921315
1608,10947	84,509631
1609,546566	84,688166
1610,983661	84,537716
1612,420756	84,509112
1613,857851	85,081896
1615,294946	86,404627
1616,732041	87,671392
1618,169136	87,202937
1619,606232	86,418663
1621,043327	86,68661
1622,480422	87,858107
1623,917517	88,110539
1625,354612	87,236165
1626,791707	87,159372
1628,228803	87,384301
1629,665898	86,863327
1631,102993	86,596767
1632,540088	87,250288
1633,977183	88,64606
1635,414278	90,800316
1636,851373	91,681785
1638,288469	90,429489
1639,725564	89,585449
1641,162659	89,513387
1642,599754	89,963708
1644,036849	90,964214
1645,473944	93,024384
1646,911039	95,655092
1648,348135	95,209378
1649,78523	93,988138
1651,222325	94,337359
1652,65942	95,705814
1654,096515	95,400587
1655,53361	93,655919
1656,970705	92,343121
1658,407801	91,592619
1659,844896	91,677576
1661,281991	92,49777
1662,719086	93,188968
1664,156181	92,355102
1665,593276	91,576079
1667,030371	92,192069
1668,467467	93,816157
1669,904562	94,834318
1671,341657	93,940937
1672,778752	92,759538
1674,215847	92,67958
1675,652942	92,558368
1677,090038	91,349419
1678,527133	91,091156
1679,964228	91,984033
1681,401323	92,685645
1682,838418	93,350899
1684,275513	94,13897
1685,712608	92,364123
1687,149704	91,074657
1688,586799	90,736184
1690,023894	90,02968
1691,460989	88,965043
1692,898084	88,781074
1694,335179	89,895596
1695,772274	92,059214
1697,20937	93,09586
1698,646465	92,880595
1700,08356	92,54205
1701,520655	91,081226
1702,95775	90,126954
1704,394845	90,278445
1705,83194	90,412183
1707,269036	89,151336
1708,706131	88,067427
1710,143226	87,827817
1711,580321	87,863518
1713,017416	88,501501
1714,454511	90,253538
1715,891607	91,668206
1717,328702	91,605472
1718,765797	89,77023
1720,202892	87,734963
1721,639987	87,065383
1723,077082	87,120226
1724,514177	86,891998
1725,951273	86,621865
1727,388368	86,935564
1728,825463	87,954442
1730,262558	89,401247
1731,699653	90,479301
1733,136748	91,503994
1734,573843	91,63443
1736,010939	89,738621
1737,448034	89,228256
1738,885129	90,088893
1740,322224	90,568837
1741,759319	90,604871
1743,196414	91,42049
1744,633509	92,16247
1746,070605	92,711667
1747,5077	94,002713
1748,944795	94,958941
1750,38189	94,705585
1751,818985	93,877101
1753,25608	92,87782
1754,693176	92,712047
1756,130271	93,637241
1757,567366	94,404928
1759,004461	94,322415
1760,441556	94,813689
1761,878651	95,689235
1763,315746	95,366929
1764,752842	94,878728
1766,189937	95,366237
1767,627032	96,4155
1769,064127	97,261927
1770,501222	98,383877
1771,938317	99,84693
1773,375412	99,472286
1774,812508	98,258933
1776,249603	97,61144
1777,686698	97,312772
1779,123793	97,629775
1780,560888	98,095334
1781,997983	97,756717
1783,435078	97,505307
1784,872174	97,664354
1786,309269	97,455326
1787,746364	97,305922
1789,183459	97,952229
1790,620554	99,335314
1792,057649	100,424094
1793,494745	99,948569
1794,93184	99,315228
1796,368935	99,140002
1797,80603	98,873594
1799,243125	98,952606
1800,68022	99,353193
1802,117315	98,958504
1803,554411	98,146997
1804,991506	97,756724
1806,428601	97,821879
1807,865696	98,146371
1809,302791	98,482099
1810,739886	98,770193
1812,176981	98,608566
1813,614077	97,876397
1815,051172	97,545344
1816,488267	97,746501
1817,925362	97,750934
1819,362457	97,604981
1820,799552	97,672274
1822,236647	98,005319
1823,673743	98,70076
1825,110838	99,194475
1826,547933	98,986498
1827,985028	99,223389
1829,422123	99,997615
1830,859218	99,552372
1832,296313	98,323594
1833,733409	97,850724
1835,170504	97,969952
1836,607599	98,18382
1838,044694	98,218669
1839,481789	98,009119
1840,918884	98,139196
1842,35598	99,084999
1843,793075	100,156857
1845,23017	100,035041
1846,667265	99,303123
1848,10436	98,663377
1849,541455	98,05598
1850,97855	97,595037
1852,415646	97,407313
1853,852741	97,378339
1855,289836	97,361272
1856,726931	97,490046
1858,164026	97,724461
1859,601121	97,806852
1861,038216	97,796419
1862,475312	97,72736
1863,912407	97,763567
1865,349502	98,343236
1866,786597	99,428241
1868,223692	100,391066
1869,660787	100,104172
1871,097882	98,713123
1872,534978	97,729632
1873,972073	97,38464
1875,409168	97,264727
1876,846263	97,253503
1878,283358	97,321414
1879,720453	97,377513
1881,157549	97,400077
1882,594644	97,426547
1884,031739	97,5909
1885,468834	97,678313
1886,905929	97,642332
1888,343024	98,028521
1889,780119	98,420621
1891,217215	97,977352
1892,65431	97,616782
1894,091405	97,829525
1895,5285	97,966024
1896,965595	97,645294
1898,40269	97,282074
1899,839785	97,267042
1901,276881	97,411746
1902,713976	97,432091
1904,151071	97,44572
1905,588166	97,496447
1907,025261	97,686644
1908,462356	98,102666
1909,899451	98,200152
1911,336547	97,80042
1912,773642	97,477571
1914,210737	97,427819
1915,647832	97,706222
1917,084927	98,281946
1918,522022	98,468487
1919,959118	98,121235
1921,396213	98,271171
1922,833308	98,747885
1924,270403	98,296891
1925,707498	97,523224
1927,144593	97,345749
1928,581688	97,333838
1930,018784	97,28456
1931,455879	97,36446
1932,892974	97,398236
1934,330069	97,39154
1935,767164	97,36429
1937,204259	97,32814
1938,641354	97,455553
1940,07845	97,747789
1941,515545	98,281157
1942,95264	98,618056
1944,389735	98,222851
1945,82683	97,979908
1947,263925	97,930558
1948,70102	97,605828
1950,138116	97,456581
1951,575211	97,400734
1953,012306	97,330951
1954,449401	97,539161
1955,886496	97,623942
1957,323591	97,601848
1958,760687	97,679823
1960,197782	97,579065
1961,634877	97,56057
1963,071972	97,48968
1964,509067	97,412856
1965,946162	97,936956
1967,383257	98,203461
1968,820353	97,751533
1970,257448	97,516925
1971,694543	97,390178
1973,131638	97,336664
1974,568733	97,341617
1976,005828	97,081273
1977,442923	96,82477
1978,880019	96,579857
1980,317114	96,474937
1981,754209	96,671664
1983,191304	96,748094
1984,628399	96,780215
1986,065494	97,004525
1987,502589	97,287866
1988,939685	97,551943
1990,37678	97,663392
1991,813875	97,785396
1993,25097	97,783875
1994,688065	97,311534
1996,12516	97,006066
1997,562256	97,008762
1998,999351	97,044033
2000,436446	97,24661
2001,873541	97,205423
2003,310636	96,940981
2004,747731	96,967554
2006,184826	96,910683
2007,621922	96,844346
2009,059017	96,926342
2010,496112	96,853518
2011,933207	97,032257
2013,370302	97,254669
2014,807397	97,235732
2016,244492	97,459095
2017,681588	97,463742
2019,118683	97,148153
2020,555778	97,086939
2021,992873	97,083301
2023,429968	97,129231
2024,867063	97,053058
2026,304158	96,78981
2027,741254	96,822738
2029,178349	96,856033
2030,615444	96,807162
2032,052539	96,873343
2033,489634	96,666298
2034,926729	96,521731
2036,363824	96,573564
2037,80092	96,442096
2039,238015	96,492894
2040,67511	96,691312
2042,112205	96,653332
2043,5493	96,545955
2044,986395	96,487771
2046,423491	96,530455
2047,860586	96,514791
2049,297681	96,29924
2050,734776	96,167317
2052,171871	96,146331
2053,608966	96,168366
2055,046061	96,244422
2056,483157	96,264802
2057,920252	96,336486
2059,357347	96,441133
2060,794442	96,394034
2062,231537	96,396056
2063,668632	96,588591
2065,105727	96,785197
2066,542823	96,744841
2067,979918	96,508004
2069,417013	96,411843
2070,854108	96,431746
2072,291203	96,407918
2073,728298	96,420764
2075,165393	96,377285
2076,602489	96,306364
2078,039584	96,33966
2079,476679	96,355824
2080,913774	96,360739
2082,350869	96,344189
2083,787964	96,30836
2085,22506	96,408701
2086,662155	96,48318
2088,09925	96,484476
2089,536345	96,562605
2090,97344	96,537119
2092,410535	96,459549
2093,84763	96,460513
2095,284726	96,392451
2096,721821	96,351344
2098,158916	96,355893
2099,596011	96,33637
2101,033106	96,38321
2102,470201	96,342693
2103,907296	96,243366
2105,344392	96,267375
2106,781487	96,254598
2108,218582	96,195051
2109,655677	96,158481
2111,092772	96,108582
2112,529867	96,15599
2113,966962	96,263853
2115,404058	96,333591
2116,841153	96,363653
2118,278248	96,312252
2119,715343	96,307368
2121,152438	96,40309
2122,589533	96,4801
2124,026629	96,557504
2125,463724	96,613063
2126,900819	96,663842
2128,337914	96,754885
2129,775009	96,796286
2131,212104	96,904531
2132,649199	97,050627
2134,086295	97,009499
2135,52339	96,957802
2136,960485	96,935507
2138,39758	96,850488
2139,834675	96,80256
2141,27177	96,701048
2142,708865	96,664273
2144,145961	96,793455
2145,583056	96,831348
2147,020151	96,7961
2148,457246	96,711092
2149,894341	96,623712
2151,331436	96,710699
2152,768531	96,723212
2154,205627	96,681028
2155,642722	96,828193
2157,079817	96,859044
2158,516912	96,533345
2159,954007	95,943081
2161,391102	95,555662
2162,828198	95,519522
2164,265293	95,452074
2165,702388	95,502105
2167,139483	95,683966
2168,576578	95,682097
2170,013673	95,751625
2171,450768	95,933393
2172,887864	96,077041
2174,324959	96,258099
2175,762054	96,255668
2177,199149	96,203509
2178,636244	96,286286
2180,073339	96,171697
2181,510434	95,989897
2182,94753	95,877896
2184,384625	95,753588
2185,82172	95,779797
2187,258815	95,78171
2188,69591	95,716664
2190,133005	95,805533
2191,5701	95,892113
2193,007196	95,914012
2194,444291	95,868369
2195,881386	95,770275
2197,318481	95,836254
2198,755576	95,919313
2200,192671	95,910689
2201,629766	95,9811
2203,066862	96,063894
2204,503957	96,144837
2205,941052	96,162802
2207,378147	96,032074
2208,815242	95,97376
2210,252337	95,962435
2211,689433	95,912838
2213,126528	95,938152
2214,563623	95,947859
2216,000718	95,925108
2217,437813	95,902521
2218,874908	95,851758
2220,312003	95,862688
2221,749099	95,871406
2223,186194	95,877371
2224,623289	95,931576
2226,060384	95,87257
2227,497479	95,812678
2228,934574	95,845101
2230,371669	95,807885
2231,808765	95,784797
2233,24586	95,789598
2234,682955	95,767762
2236,12005	95,810242
2237,557145	95,860758
2238,99424	95,924558
2240,431335	95,975618
2241,868431	95,88728
2243,305526	95,820025
2244,742621	95,830338
2246,179716	95,813852
2247,616811	95,79897
2249,053906	95,750658
2250,491002	95,747358
2251,928097	95,82829
2253,365192	95,818218
2254,802287	95,781471
2256,239382	95,780618
2257,676477	95,742071
2259,113572	95,725641
2260,550668	95,681806
2261,987763	95,600571
2263,424858	95,575867
2264,861953	95,545679
2266,299048	95,508562
2267,736143	95,488202
2269,173238	95,463919
2270,610334	95,476314
2272,047429	95,474835
2273,484524	95,461886
2274,921619	95,472682
2276,358714	95,430725
2277,795809	95,396551
2279,232904	95,39528
2280,67	95,35933
2282,107095	95,359556
2283,54419	95,35778
2284,981285	95,27985
2286,41838	95,195561
2287,855475	95,11839
2289,292571	95,053334
2290,729666	94,975253
2292,166761	94,833111
2293,603856	94,702262
2295,040951	94,593524
2296,478046	94,463009
2297,915141	94,351465
2299,352237	94,232122
2300,789332	94,063398
2302,226427	93,860167
2303,663522	93,622975
2305,100617	93,348112
2306,537712	93,011225
2307,974807	92,645153
2309,411903	92,30442
2310,848998	91,958495
2312,286093	91,633583
2313,723188	91,372033
2315,160283	91,125486
2316,597378	90,80896
2318,034473	90,322878
2319,471569	89,727262
2320,908664	89,171358
2322,345759	88,676281
2323,782854	88,352705
2325,219949	88,252218
2326,657044	88,128152
2328,09414	87,823103
2329,531235	87,43209
2330,96833	87,129536
2332,405425	87,03788
2333,84252	87,062939
2335,279615	87,00477
2336,71671	86,827386
2338,153806	86,621581
2339,590901	86,436404
2341,027996	86,288684
2342,465091	86,256184
2343,902186	86,33335
2345,339281	86,633644
2346,776376	87,564463
2348,213472	88,704224
2349,650567	88,947066
2351,087662	88,117883
2352,524757	87,001983
2353,961852	86,069363
2355,398947	85,21355
2356,836042	84,553887
2358,273138	84,12809
2359,710233	83,836316
2361,147328	83,772861
2362,584423	83,886696
2364,021518	84,133091
2365,458613	84,597031
2366,895708	85,222398
2368,332804	85,900861
2369,769899	86,582882
2371,206994	87,331493
2372,644089	88,180543
2374,081184	89,042034
2375,518279	89,893851
2376,955375	90,747394
2378,39247	91,608016
2379,829565	92,476244
2381,26666	93,287606
2382,703755	93,997793
2384,14085	94,579436
2385,577945	95,010413
2387,015041	95,315646
2388,452136	95,512865
2389,889231	95,619108
2391,326326	95,665093
2392,763421	95,69798
2394,200516	95,742005
2395,637611	95,758436
2397,074707	95,764665
2398,511802	95,780067
2399,948897	95,753002
2401,385992	95,724096
2402,823087	95,728172
2404,260182	95,715366
2405,697277	95,701878
2407,134373	95,69174
2408,571468	95,669796
2410,008563	95,669933
2411,445658	95,682083
2412,882753	95,686469
2414,319848	95,674471
2415,756944	95,646822
2417,194039	95,638646
2418,631134	95,62938
2420,068229	95,617148
2421,505324	95,6305
2422,942419	95,61261
2424,379514	95,579704
2425,81661	95,587817
2427,253705	95,578949
2428,6908	95,543243
2430,127895	95,522509
2431,56499	95,516472
2433,002085	95,52053
2434,43918	95,518222
2435,876276	95,512252
2437,313371	95,503865
2438,750466	95,491447
2440,187561	95,506553
2441,624656	95,510284
2443,061751	95,476074
2444,498846	95,458932
2445,935942	95,446184
2447,373037	95,425763
2448,810132	95,415816
2450,247227	95,403989
2451,684322	95,406148
2453,121417	95,394217
2454,558513	95,353991
2455,995608	95,35254
2457,432703	95,367508
2458,869798	95,364779
2460,306893	95,367418
2461,743988	95,361866
2463,181083	95,368939
2464,618179	95,396087
2466,055274	95,413088
2467,492369	95,425363
2468,929464	95,406881
2470,366559	95,376021
2471,803654	95,376506
2473,240749	95,364779
2474,677845	95,357577
2476,11494	95,378608
2477,552035	95,375133
2478,98913	95,350757
2480,426225	95,318349
2481,86332	95,301481
2483,300415	95,313729
2484,737511	95,289312
2486,174606	95,262156
2487,611701	95,277728
2489,048796	95,264122
2490,485891	95,238545
2491,922986	95,237358
2493,360082	95,234758
2494,797177	95,246514
2496,234272	95,259289
2497,671367	95,257495
2499,108462	95,246305
2500,545557	95,214857
2501,982652	95,204501
2503,419748	95,212567
2504,856843	95,200891
2506,293938	95,19803
2507,731033	95,187648
2509,168128	95,165579
2510,605223	95,169007
2512,042318	95,160627
2513,479414	95,14211
2514,916509	95,148418
2516,353604	95,149066
2517,790699	95,128682
2519,227794	95,09782
2520,664889	95,083066
2522,101984	95,09056
2523,53908	95,082644
2524,976175	95,07615
2526,41327	95,084544
2527,850365	95,077814
2529,28746	95,063192
2530,724555	95,044016
2532,16165	95,037046
2533,598746	95,052951
2535,035841	95,047764
2536,472936	95,037629
2537,910031	95,040998
2539,347126	95,020551
2540,784221	94,987163
2542,221317	94,941983
2543,658412	94,891749
2545,095507	94,88462
2546,532602	94,898702
2547,969697	94,899228
2549,406792	94,89211
2550,843887	94,881236
2552,280983	94,8778
2553,718078	94,863802
2555,155173	94,836785
2556,592268	94,825316
2558,029363	94,809544
2559,466458	94,79146
2560,903553	94,790445
2562,340649	94,781604
2563,777744	94,761665
2565,214839	94,73678
2566,651934	94,71574
2568,089029	94,707871
2569,526124	94,686359
2570,963219	94,662803
2572,400315	94,659153
2573,83741	94,655425
2575,274505	94,652665
2576,7116	94,639157
2578,148695	94,615283
2579,58579	94,612996
2581,022886	94,608303
2582,459981	94,592238
2583,897076	94,580561
2585,334171	94,553293
2586,771266	94,531552
2588,208361	94,534642
2589,645456	94,542782
2591,082552	94,549713
2592,519647	94,532703
2593,956742	94,501779
2595,393837	94,495133
2596,830932	94,492255
2598,268027	94,479268
2599,705122	94,46696
2601,142218	94,454611
2602,579313	94,444947
2604,016408	94,433494
2605,453503	94,433973
2606,890598	94,44107
2608,327693	94,417313
2609,764788	94,397789
2611,201884	94,409345
2612,638979	94,401607
2614,076074	94,36947
2615,513169	94,344689
2616,950264	94,338773
2618,387359	94,347594
2619,824455	94,344514
2621,26155	94,321488
2622,698645	94,297381
2624,13574	94,289668
2625,572835	94,295045
2627,00993	94,282985
2628,447025	94,26189
2629,884121	94,256705
2631,321216	94,246198
2632,758311	94,230261
2634,195406	94,22159
2635,632501	94,210068
2637,069596	94,204062
2638,506691	94,20427
2639,943787	94,205237
2641,380882	94,208122
2642,817977	94,198462
2644,255072	94,191138
2645,692167	94,198802
2647,129262	94,192815
2648,566357	94,176949
2650,003453	94,167933
2651,440548	94,159125
2652,877643	94,156711
2654,314738	94,163892
2655,751833	94,17433
2657,188928	94,185403
2658,626024	94,194863
2660,063119	94,203861
2661,500214	94,208972
2662,937309	94,215289
2664,374404	94,226978
2665,811499	94,231819
2667,248594	94,240128
2668,68569	94,252162
2670,122785	94,23972
2671,55988	94,215375
2672,996975	94,202193
2674,43407	94,195996
2675,871165	94,193161
2677,30826	94,186359
2678,745356	94,176603
2680,182451	94,165643
2681,619546	94,151462
2683,056641	94,146787
2684,493736	94,135802
2685,930831	94,110049
2687,367926	94,103005
2688,805022	94,10244
2690,242117	94,088376
2691,679212	94,081028
2693,116307	94,073121
2694,553402	94,057048
2695,990497	94,044445
2697,427592	94,039471
2698,864688	94,049245
2700,301783	94,057582
2701,738878	94,050573
2703,175973	94,045117
2704,613068	94,039949
2706,050163	94,03211
2707,487259	94,028716
2708,924354	94,028035
2710,361449	94,033308
2711,798544	94,03434
2713,235639	94,027443
2714,672734	94,027612
2716,109829	94,027117
2717,546925	94,025948
2718,98402	94,02786
2720,421115	94,020399
2721,85821	94,016851
2723,295305	94,015403
2724,7324	93,998869
2726,169495	93,989437
2727,606591	93,990141
2729,043686	93,981566
2730,480781	93,971833
2731,917876	93,97028
2733,354971	93,975955
2734,792066	93,979949
2736,229161	93,979026
2737,666257	93,981242
2739,103352	93,975783
2740,540447	93,961719
2741,977542	93,957286
2743,414637	93,960809
2744,851732	93,965249
2746,288828	93,963355
2747,725923	93,954495
2749,163018	93,948913
2750,600113	93,939197
2752,037208	93,931715
2753,474303	93,940836
2754,911398	93,947754
2756,348494	93,94445
2757,785589	93,934559
2759,222684	93,918261
2760,659779	93,910664
2762,096874	93,908857
2763,533969	93,905556
2764,971064	93,905683
2766,40816	93,899211
2767,845255	93,889168
2769,28235	93,880946
2770,719445	93,869322
2772,15654	93,86629
2773,593635	93,864814
2775,03073	93,855392
2776,467826	93,855654
2777,904921	93,856336
2779,342016	93,839853
2780,779111	93,813872
2782,216206	93,790303
2783,653301	93,777111
2785,090397	93,766536
2786,527492	93,758405
2787,964587	93,758845
2789,401682	93,751388
2790,838777	93,737751
2792,275872	93,723488
2793,712967	93,70113
2795,150063	93,692178
2796,587158	93,692687
2798,024253	93,673142
2799,461348	93,644231
2800,898443	93,61308
2802,335538	93,580021
2803,772633	93,560066
2805,209729	93,550326
2806,646824	93,541395
2808,083919	93,522729
2809,521014	93,493993
2810,958109	93,473067
2812,395204	93,454853
2813,832299	93,432824
2815,269395	93,411239
2816,70649	93,384383
2818,143585	93,366121
2819,58068	93,360038
2821,017775	93,345413
2822,45487	93,31948
2823,891966	93,28052
2825,329061	93,242606
2826,766156	93,221613
2828,203251	93,189086
2829,640346	93,143221
2831,077441	93,10924
2832,514536	93,07682
2833,951632	93,038601
2835,388727	92,992603
2836,825822	92,935671
2838,262917	92,87954
2839,700012	92,815795
2841,137107	92,731645
2842,574202	92,629795
2844,011298	92,504663
2845,448393	92,354305
2846,885488	92,183483
2848,322583	92,016949
2849,759678	91,911634
2851,196773	91,899154
2852,633868	91,9487
2854,070964	92,005444
2855,508059	92,051745
2856,945154	92,106093
2858,382249	92,165084
2859,819344	92,214473
2861,256439	92,249081
2862,693535	92,258995
2864,13063	92,260647
2865,567725	92,265532
2867,00482	92,25237
2868,441915	92,232261
2869,87901	92,224965
2871,316105	92,221074
2872,753201	92,213964
2874,190296	92,193847
2875,627391	92,164716
2877,064486	92,146665
2878,501581	92,135399
2879,938676	92,120948
2881,375771	92,096645
2882,812867	92,061908
2884,249962	92,032112
2885,687057	91,99944
2887,124152	91,951834
2888,561247	91,902747
2889,998342	91,857566
2891,435437	91,820234
2892,872533	91,787577
2894,309628	91,737735
2895,746723	91,674896
2897,183818	91,619174
2898,620913	91,567735
2900,058008	91,508631
2901,495103	91,443571
2902,932199	91,383137
2904,369294	91,317718
2905,806389	91,233271
2907,243484	91,139324
2908,680579	91,037447
2910,117674	90,922559
2911,55477	90,798276
2912,991865	90,653856
2914,42896	90,48538
2915,866055	90,324902
2917,30315	90,211394
2918,740245	90,146889
2920,17734	90,108429
2921,614436	90,095771
2923,051531	90,1115
2924,488626	90,13623
2925,925721	90,166118
2927,362816	90,207971
2928,799911	90,26105
2930,237006	90,327822
2931,674102	90,399017
2933,111197	90,463641
2934,548292	90,521256
2935,985387	90,566971
2937,422482	90,602717
2938,859577	90,629817
2940,296672	90,648923
2941,733768	90,672825
2943,170863	90,700252
2944,607958	90,729979
2946,045053	90,76482
2947,482148	90,789156
2948,919243	90,804043
2950,356339	90,812305
2951,793434	90,810055
2953,230529	90,822191
2954,667624	90,843536
2956,104719	90,850812
2957,541814	90,864552
2958,978909	90,888923
2960,416005	90,918575
2961,8531	90,958736
2963,290195	90,98083
2964,72729	90,979918
2966,164385	90,960463
2967,60148	90,859239
2969,038575	90,675419
2970,475671	90,577258
2971,912766	90,710259
2973,349861	90,974551
2974,786956	91,163776
2976,224051	91,244893
2977,661146	91,300802
2979,098241	91,348666
2980,535337	91,368585
2981,972432	91,361549
2983,409527	91,354698
2984,846622	91,367706
2986,283717	91,382571
2987,720812	91,387765
2989,157908	91,37993
2990,595003	91,366123
2992,032098	91,384565
2993,469193	91,422392
2994,906288	91,418761
2996,343383	91,365649
2997,780478	91,29992
2999,217574	91,256872
3000,654669	91,23998
3002,091764	91,241507
3003,528859	91,2671
3004,965954	91,273582
3006,403049	91,225307
3007,840144	91,185983
3009,27724	91,211961
3010,714335	91,280501
3012,15143	91,323157
3013,588525	91,287461
3015,02562	91,199423
3016,462715	91,103739
3017,89981	91,025438
3019,336906	90,987998
3020,774001	90,974453
3022,211096	90,963332
3023,648191	90,964581
3025,085286	90,973193
3026,522381	90,963095
3027,959477	90,939
3029,396572	90,991394
3030,833667	91,132501
3032,270762	91,173457
3033,707857	91,083363
3035,144952	91,029688
3036,582047	90,99256
3038,019143	90,93184
3039,456238	90,920615
3040,893333	90,929434
3042,330428	90,929529
3043,767523	90,937697
3045,204618	90,926826
3046,641713	90,941151
3048,078809	90,990872
3049,515904	90,981201
3050,952999	90,917987
3052,390094	90,861332
3053,827189	90,847576
3055,264284	90,902984
3056,701379	90,928638
3058,138475	90,840321
3059,57557	90,734773
3061,012665	90,688511
3062,44976	90,701766
3063,886855	90,771303
3065,32395	90,827186
3066,761045	90,795129
3068,198141	90,698176
3069,635236	90,594158
3071,072331	90,52788
3072,509426	90,504616
3073,946521	90,483861
3075,383616	90,468909
3076,820712	90,507434
3078,257807	90,579888
3079,694902	90,617713
3081,131997	90,598836
3082,569092	90,533717
3084,006187	90,446319
3085,443282	90,385974
3086,880378	90,359571
3088,317473	90,331789
3089,754568	90,315711
3091,191663	90,324695
3092,628758	90,344848
3094,065853	90,407551
3095,502948	90,478847
3096,940044	90,449966
3098,377139	90,38857
3099,814234	90,419236
3101,251329	90,453451
3102,688424	90,385097
3104,125519	90,284417
3105,562614	90,237984
3106,99971	90,236709
3108,436805	90,228684
3109,8739	90,201989
3111,310995	90,181617
3112,74809	90,180377
3114,185185	90,209961
3115,622281	90,252865
3117,059376	90,257684
3118,496471	90,215935
3119,933566	90,166426
3121,370661	90,157443
3122,807756	90,162544
3124,244851	90,095226
3125,681947	90,015824
3127,119042	89,999481
3128,556137	89,935623
3129,993232	89,827644
3131,430327	89,830595
3132,867422	89,896482
3134,304517	89,86339
3135,741613	89,75077
3137,178708	89,675497
3138,615803	89,650722
3140,052898	89,625906
3141,489993	89,605179
3142,927088	89,575677
3144,364183	89,511721
3145,801279	89,474949
3147,238374	89,475761
3148,675469	89,4627
3150,112564	89,458717
3151,549659	89,456598
3152,986754	89,425042
3154,42385	89,395631
3155,860945	89,367476
3157,29804	89,336059
3158,735135	89,319029
3160,17223	89,294669
3161,609325	89,263265
3163,04642	89,239175
3164,483516	89,216704
3165,920611	89,199559
3167,357706	89,181059
3168,794801	89,170947
3170,231896	89,16968
3171,668991	89,139206
3173,106086	89,100112
3174,543182	89,090905
3175,980277	89,118993
3177,417372	89,183291
3178,854467	89,196366
3180,291562	89,105897
3181,728657	89,019336
3183,165752	89,008226
3184,602848	89,030057
3186,039943	89,005989
3187,477038	88,927336
3188,914133	88,892079
3190,351228	88,91486
3191,788323	88,919732
3193,225419	88,906461
3194,662514	88,905603
3196,099609	88,943692
3197,536704	88,993576
3198,973799	88,948988
3200,410894	88,836537
3201,847989	88,765063
3203,285085	88,736854
3204,72218	88,728525
3206,159275	88,726141
3207,59637	88,751212
3209,033465	88,824894
3210,47056	88,840389
3211,907655	88,801461
3213,344751	88,854355
3214,781846	88,905344
3216,218941	88,834271
3217,656036	88,794324
3219,093131	88,843109
3220,530226	88,837572
3221,967321	88,748022
3223,404417	88,668774
3224,841512	88,650883
3226,278607	88,687846
3227,715702	88,734598
3229,152797	88,749182
3230,589892	88,747153
3232,026987	88,725996
3233,464083	88,657294
3234,901178	88,613375
3236,338273	88,636998
3237,775368	88,6426
3239,212463	88,62348
3240,649558	88,614378
3242,086654	88,606282
3243,523749	88,670987
3244,960844	88,77072
3246,397939	88,724104
3247,835034	88,591119
3249,272129	88,525646
3250,709224	88,511819
3252,14632	88,557067
3253,583415	88,661055
3255,02051	88,707346
3256,457605	88,66659
3257,8947	88,612093
3259,331795	88,560021
3260,76889	88,511954
3262,205986	88,503791
3263,643081	88,534443
3265,080176	88,544465
3266,517271	88,511287
3267,954366	88,48608
3269,391461	88,504826
3270,828556	88,568192
3272,265652	88,666972
3273,702747	88,756502
3275,139842	88,785809
3276,576937	88,745156
3278,014032	88,661336
3279,451127	88,581134
3280,888223	88,53713
3282,325318	88,541912
3283,762413	88,571253
3285,199508	88,558141
3286,636603	88,530786
3288,073698	88,573752
3289,510793	88,631805
3290,947889	88,648942
3292,384984	88,661641
3293,822079	88,630705
3295,259174	88,563962
3296,696269	88,559135
3298,133364	88,575527
3299,570459	88,550733
3301,007555	88,532642
3302,44465	88,528493
3303,881745	88,520387
3305,31884	88,534154
3306,755935	88,608622
3308,19303	88,733844
3309,630125	88,784097
3311,067221	88,71406
3312,504316	88,656147
3313,941411	88,634626
3315,378506	88,592554
3316,815601	88,561507
3318,252696	88,546758
3319,689792	88,529355
3321,126887	88,528336
3322,563982	88,548882
3324,001077	88,594031
3325,438172	88,640754
3326,875267	88,649628
3328,312362	88,631414
3329,749458	88,595105
3331,186553	88,564401
3332,623648	88,600319
3334,060743	88,705363
3335,497838	88,820113
3336,934933	88,851329
3338,372028	88,757626
3339,809124	88,655949
3341,246219	88,632403
3342,683314	88,631623
3344,120409	88,627053
3345,557504	88,643849
3346,994599	88,677457
3348,431694	88,70556
3349,86879	88,713491
3351,305885	88,722229
3352,74298	88,756058
3354,180075	88,815344
3355,61717	88,885336
3357,054265	88,901883
3358,491361	88,867806
3359,928456	88,892627
3361,365551	88,956891
3362,802646	88,974363
3364,239741	89,001131
3365,676836	89,060294
3367,113931	89,065313
3368,551027	88,990778
3369,988122	88,886771
3371,425217	88,822584
3372,862312	88,826486
3374,299407	88,857915
3375,736502	88,893202
3377,173597	88,934425
3378,610693	88,975237
3380,047788	89,009012
3381,484883	89,041327
3382,921978	89,123272
3384,359073	89,229371
3385,796168	89,229258
3387,233263	89,153182
3388,670359	89,123456
3390,107454	89,190269
3391,544549	89,382875
3392,981644	89,511363
3394,418739	89,4033
3395,855834	89,348301
3397,292929	89,439176
3398,730025	89,400877
3400,16712	89,312577
3401,604215	89,348114
3403,04131	89,378761
3404,478405	89,35611
3405,9155	89,340736
3407,352596	89,339336
3408,789691	89,366333
3410,226786	89,406957
3411,663881	89,447771
3413,100976	89,487063
3414,538071	89,499344
3415,975166	89,513644
3417,412262	89,606042
3418,849357	89,854359
3420,286452	90,176284
3421,723547	90,238425
3423,160642	89,985217
3424,597737	89,758606
3426,034832	89,699537
3427,471928	89,72747
3428,909023	89,790298
3430,346118	89,860034
3431,783213	89,900741
3433,220308	89,883766
3434,657403	89,849884
3436,094498	89,886731
3437,531594	89,966824
3438,968689	90,010334
3440,405784	90,123005
3441,842879	90,378483
3443,279974	90,523957
3444,717069	90,548668
3446,154165	90,80867
3447,59126	90,99261
3449,028355	90,611918
3450,46545	90,227272
3451,902545	90,186121
3453,33964	90,205304
3454,776735	90,227588
3456,213831	90,316127
3457,650926	90,416057
3459,088021	90,563555
3460,525116	90,770727
3461,962211	90,957903
3463,399306	90,97237
3464,836401	90,83786
3466,273497	90,819463
3467,710592	90,851319
3469,147687	90,772512
3470,584782	90,762823
3472,021877	90,845474
3473,458972	90,94904
3474,896067	91,086786
3476,333163	91,101557
3477,770258	91,08831
3479,207353	91,357551
3480,644448	91,816311
3482,081543	92,06538
3483,518638	91,893788
3484,955734	91,658644
3486,392829	91,744527
3487,829924	91,893944
3489,267019	91,780551
3490,704114	91,608864
3492,141209	91,596105
3493,578304	91,772893
3495,0154	92,055236
3496,452495	92,218197
3497,88959	92,188318
3499,326685	92,242853
3500,76378	92,704587
3502,200875	93,448749
3503,63797	93,742208
3505,075066	93,244323
3506,512161	92,700636
3507,949256	92,746833
3509,386351	93,10957
3510,823446	93,026824
3512,260541	92,651073
3513,697636	92,511164
3515,134732	92,500543
3516,571827	92,610846
3518,008922	92,911225
3519,446017	93,099561
3520,883112	93,316919
3522,320207	94,002426
3523,757303	94,682838
3525,194398	94,733222
3526,631493	94,767052
3528,068588	94,918251
3529,505683	94,532495
3530,942778	93,88146
3532,379873	93,43203
3533,816969	93,294965
3535,254064	93,658194
3536,691159	94,077226
3538,128254	93,8827
3539,565349	93,610817
3541,002444	93,749873
3542,439539	94,30513
3543,876635	95,268782
3545,31373	96,044464
3546,750825	95,979634
3548,18792	95,371038
3549,625015	94,847142
3551,06211	94,971541
3552,499205	95,404413
3553,936301	95,078512
3555,373396	94,506446
3556,810491	94,481656
3558,247586	94,794921
3559,684681	95,2495
3561,121776	95,692316
3562,558872	96,086308
3563,995967	96,813709
3565,433062	98,017228
3566,870157	98,991269
3568,307252	98,087008
3569,744347	96,340006
3571,181442	95,384979
3572,618538	95,046286
3574,055633	95,080042
3575,492728	95,290389
3576,929823	95,406482
3578,366918	95,593853
3579,804013	95,816363
3581,241108	95,801851
3582,678204	95,913996
3584,115299	96,374025
3585,552394	97,213001
3586,989489	98,543138
3588,426584	98,684754
3589,863679	97,068793
3591,300774	96,159681
3592,73787	96,351221
3594,174965	96,949376
3595,61206	97,116478
3597,049155	96,948803
3598,48625	97,117939
3599,923345	97,396638
3601,36044	97,188816
3602,797536	96,515656
3604,234631	96,006441
3605,671726	96,322768
3607,108821	97,482302
3608,545916	98,489502
3609,983011	98,501682
3611,420107	98,449526
3612,857202	99,036697
3614,294297	99,235342
3615,731392	98,379116
3617,168487	98,063229
3618,605582	98,627841
3620,042677	98,366964
3621,479773	96,889786
3622,916868	95,755189
3624,353963	95,62594
3625,791058	96,520065
3627,228153	97,96639
3628,665248	99,557463
3630,102343	99,362172
3631,539439	97,708668
3632,976534	97,05678
3634,413629	96,745577
3635,850724	96,155956
3637,287819	96,035034
3638,724914	96,319592
3640,162009	96,527002
3641,599105	96,960109
3643,0362	97,396111
3644,473295	97,690784
3645,91039	98,958717
3647,347485	101,503683
3648,78458	103,12436
3650,221676	102,605852
3651,658771	100,314682
3653,095866	98,127608
3654,532961	97,632908
3655,970056	98,124621
3657,407151	97,848131
3658,844246	97,051079
3660,281342	96,872927
3661,718437	96,909224
3663,155532	96,886422
3664,592627	97,102717
3666,029722	97,687603
3667,466817	98,951246
3668,903912	101,209161
3670,341008	103,04679
3671,778103	102,192826
3673,215198	101,52065
3674,652293	102,472358
3676,089388	103,060088
3677,526483	101,186652
3678,963578	99,920262
3680,400674	99,004679
3681,837769	98,089942
3683,274864	97,745044
3684,711959	97,99116
3686,149054	98,583348
3687,586149	99,69073
3689,023245	101,102748
3690,46034	101,06366
3691,897435	99,321323
3693,33453	97,417417
3694,771625	96,420184
3696,20872	96,151265
3697,645815	96,063418
3699,082911	96,242331
3700,520006	97,152524
3701,957101	98,300144
3703,394196	98,316795
3704,831291	97,973646
3706,268386	98,350523
3707,705481	99,243946
3709,142577	100,642742
3710,579672	102,51377
3712,016767	103,010796
3713,453862	101,671206
3714,890957	100,425483
3716,328052	99,825234
3717,765147	99,964191
3719,202243	100,429004
3720,639338	100,805619
3722,076433	101,552062
3723,513528	102,212759
3724,950623	102,293504
3726,387718	102,322639
3727,824814	101,638921
3729,261909	100,958508
3730,699004	101,668923
3732,136099	103,512902
3733,573194	105,148784
3735,010289	106,424022
3736,447384	106,69987
3737,88448	105,047374
3739,321575	103,833698
3740,75867	103,666044
3742,195765	104,030673
3743,63286	104,587576
3745,069955	105,401433
3746,50705	105,683663
3747,944146	105,976802
3749,381241	107,176456
3750,818336	108,029829
3752,255431	106,292712
3753,692526	103,542129
3755,129621	102,162772
3756,566716	102,06049
3758,003812	102,431988
3759,440907	102,431167
3760,878002	101,525402
3762,315097	100,444145
3763,752192	100,341788
3765,189287	101,020668
3766,626382	101,160443
3768,063478	100,938647
3769,500573	101,308113
3770,937668	101,104311
3772,374763	99,889953
3773,811858	99,125861
3775,248953	99,058661
3776,686049	99,415527
3778,123144	100,15872
3779,560239	100,8132
3780,997334	100,379156
3782,434429	99,79698
3783,871524	100,105634
3785,308619	100,521743
3786,745715	100,024925
3788,18281	99,319388
3789,619905	99,054378
3791,057	99,14141
3792,494095	99,365258
3793,93119	99,780763
3795,368285	100,767947
3796,805381	102,147851
3798,242476	102,644216
3799,679571	102,889305
3801,116666	104,175853
3802,553761	104,3858
3803,990856	102,468727
3805,427951	101,788507
3806,865047	102,1551
3808,302142	101,309196
3809,739237	99,898153
3811,176332	99,497244
3812,613427	99,899246
3814,050522	100,811542
3815,487618	102,278627
3816,924713	103,320701
3818,361808	103,432244
3819,798903	104,250233
3821,235998	105,2655
3822,673093	103,902847
3824,110188	102,167666
3825,547284	101,69012
3826,984379	101,796047
3828,421474	101,347998
3829,858569	100,995365
3831,295664	101,614747
3832,732759	102,397969
3834,169854	102,875498
3835,60695	103,81145
3837,044045	104,764455
3838,48114	105,304578
3839,918235	105,171142
3841,35533	103,740659
3842,792425	102,544252
3844,22952	101,963763
3845,666616	101,000503
3847,103711	100,329541
3848,540806	100,868086
3849,977901	102,364654
3851,414996	104,256171
3852,852091	106,241907
3854,289187	105,803491
3855,726282	103,733082
3857,163377	102,42753
3858,600472	101,20342
3860,037567	100,801309
3861,474662	101,694612
3862,911757	102,976521
3864,348853	103,697777
3865,785948	103,306815
3867,223043	102,256364
3868,660138	102,509223
3870,097233	103,868195
3871,534328	103,192287
3872,971423	102,109998
3874,408519	101,840488
3875,845614	100,874693
3877,282709	100,032781
3878,719804	100,411551
3880,156899	101,626972
3881,593994	102,131663
3883,031089	101,760061
3884,468185	101,890958
3885,90528	102,015396
3887,342375	100,848707
3888,77947	100,103487
3890,216565	100,723735
3891,65366	101,833491
3893,090756	101,610701
3894,527851	100,620254
3895,964946	100,317282
3897,402041	101,031479
3898,839136	102,22234
3900,276231	102,791361
3901,713326	102,710798
3903,150422	102,862173
3904,587517	102,653868
3906,024612	101,284471
3907,461707	99,754101
3908,898802	98,825721
3910,335897	98,529714
3911,772992	98,582982
3913,210088	98,748234
3914,647183	99,226323
3916,084278	100,083082
3917,521373	100,612762
3918,958468	100,416743
3920,395563	100,047434
3921,832658	99,874022
3923,269754	100,289004
3924,706849	100,870412
3926,143944	100,329042
3927,581039	99,613301
3929,018134	99,960157
3930,455229	100,614705
3931,892324	100,645012
3933,32942	100,154044
3934,766515	99,360444
3936,20361	98,835741
3937,640705	98,880544
3939,0778	99,069992
3940,514895	99,263408
3941,951991	99,74662
3943,389086	100,04973
3944,826181	99,701587
3946,263276	99,516784
3947,700371	99,889061
3949,137466	100,107349
3950,574561	99,672143
3952,011657	99,163547
3953,448752	98,916886
3954,885847	98,849458
3956,322942	98,933753
3957,760037	99,011538
3959,197132	98,966447
3960,634227	98,989333
3962,071323	99,046756
3963,508418	98,873204
3964,945513	98,581187
3966,382608	98,457456
3967,819703	98,55335
3969,256798	98,725027
3970,693893	98,841075
3972,130989	98,939032
3973,568084	99,06153
3975,005179	99,112419
3976,442274	98,968064
3977,879369	98,666738
3979,316464	98,459254
3980,75356	98,481462
3982,190655	98,537603
3983,62775	98,488621
3985,064845	98,445785
3986,50194	98,430618
3987,939035	98,45153
3989,37613	98,609038
3990,813226	98,740378
3992,250321	98,627591
3993,687416	98,508578
3995,124511	98,530436
3996,561606	98,450354
3997,998701	98,282019
3999,435796	98,243131
